0174 0174 0174 0174 0174 0174 0174 0174 0174 0174 0174 0174 0174 0174 0174 0174 0174 0174 0174 0174 0174 0174 0174 0174 0174 0174 0174 0174 0174 0174 0174 0174 0174 0174 0174 0174 0174 0174 0174 0174 0174 0174 0174 0174 0174 0174 0174 0174 0174 0174 0174 0174 0174 0174 0174 0174 0174 0174 0174 0174 0174 0174 0174 0174
0174 0174 0174 0174 0174 0174 0174 0174 0174 0174 0174 0174 0174 0174 0174 0174 0174 0174 0174 0174 0174 0174 0174 0174 0174 0174 0174 0174 0174 0174 0174 0174 0174 0174 0174 0174 0174 0174 0174 0174 0174 0174 0174 0174 0174 0174 0174 0174 0174 0174 0174 0174 0174 0174 0174 0174 0174 0174 0174 0174 0174 0174 0174 0174
0174 0174 0174 0174 0174 0174 0174 0174 0174 0174 0174 0174 0174 0174 0174 0174 0174 0174 0174 0174 0174 0174 0174 0174 0174 0174 0174 0174 0174 0174 0174 0174 0174 0174 0174 0174 0174 0174 0174 0174 0174 0174 0174 0174 0174 0174 0174 0174 0174 0174 0174 0174 0174 0174 0174 0174 0174 0174 0174 0174 0174 0174 0174 0174
0174 0174 0174 0174 0174 0174 0174 0174 0174 0174 0174 0174 0174 0174 0174 0174 0174 0174 0174 0174 0174 0174 0174 0174 0174 0174 0174 0174 0174 0174 0174 0174 0174 0174 0174 0174 0174 0174 0174 0174 0174 0174 0174 0174 0174 0174 0174 0174 0174 0174 0174 0174 0174 0174 0174 0174 0174 0174 0174 0174 0174 0174 0174 0174
0174 0174 0174 0174 0174 0174 0174 0174 0174 0174 0174 0174 0174 0174 0174 0174 0174 0174 0174 0174 0174 0174 0174 0174 0174 0174 0174 0174 0174 0174 0174 0174 0174 0174 0174 0174 0174 0174 0174 0174 0174 0174 0174 0174 0174 0174 0174 0174 0174 0174 0174 0174 0174 0174 0174 0174 0174 0174 0174 0174 0174 0174 0174 0174
0174 0174 0174 0174 0174 0174 0174 0174 0174 0174 0174 0174 0174 0174 0174 0174 0174 0174 0174 0174 0174 0174 0004 0007 0006 0004 0004 0174 0174 0174 0174 0174 0174 0004 0007 0004 0174 0174 0174 0174 0004 0174 0174 0174 0174 0174 0174 0174 0174 0174 0174 0174 0174 0174 0174 0174 0174 0174 0174 0174 0174 0174 0174 0174
0174 0174 0174 0174 0174 0174 0174 0174 0174 0174 0174 0174 0174 0174 0174 0174 0174 0174 0174 0174 0174 0004 0006 0000 0008 0007 0006 0004 0007 0004 0174 0174 0174 0006 0008 0006 0007 0004 0004 0006 0007 0006 0174 0174 0174 0174 0174 0174 0174 0174 0174 0174 0174 0174 0174 0174 0174 0174 0174 0174 0174 0174 0174 0174
0174 0174 0174 0174 0174 0174 0174 0174 0174 0174 0174 0174 0174 0174 0174 0174 0174 0174 0174 0174 0174 0006 0000 0000 0000 0000 0000 0000 0008 0006 0006 0004 0007 0004 0004 0004 0004 0004 0007 0008 0004 0004 0004 0174 0174 0174 0174 0174 0174 0174 0174 0174 0174 0174 0174 0174 0174 0174 0174 0174 0174 0174 0174 0174
0174 0174 0174 0174 0174 0174 0174 0174 0174 0174 0174 0174 0174 0174 0174 0174 0174 0174 0174 0174 0006 0007 0000 0000 0000 0000 0000 0000 0000 0000 0000 0004 0008 0004 0000 0000 0000 0004 0004 0000 0004 0008 0004 0174 0174 0174 0174 0174 0174 0174 0174 0174 0174 0174 0174 0174 0174 0174 0174 0174 0174 0174 0174 0174
0174 0174 0174 0174 0174 0174 0174 0174 0174 0174 0174 0174 0174 0174 0174 0174 0174 0174 0004 0004 0004 0008 0000 0000 0000 0000 0000 0000 0000 0000 0000 0000 0000 0000 0000 0000 0000 0000 0000 0000 0000 0000 0007 0006 0004 0174 0174 0174 0174 0174 0174 0174 0174 0174 0174 0174 0174 0174 0174 0174 0174 0174 0174 0174
0174 0174 0174 0174 0174 0174 0174 0174 0174 0174 0174 0174 0174 0174 0174 0174 0174 0174 0007 0006 0007 0000 0000 0000 0000 0000 0000 0000 0000 0000 0000 0000 0000 0000 0000 0000 0000 0000 0000 0000 0000 0000 0000 0008 0004 0174 0174 0174 0174 0174 0174 0174 0174 0174 0174 0174 0174 0174 0174 0174 0174 0174 0174 0174
0174 0174 0174 0174 0174 0174 0174 0174 0174 0174 0174 0174 0174 0174 0174 0174 0174 0004 0007 0000 0000 0000 0000 0000 0000 0000 0000 0000 0000 0000 0000 0000 0000 0000 0000 0000 0000 0000 0000 0000 0000 0000 0000 0000 0004 0174 0174 0174 0174 0174 0174 0174 0174 0174 0174 0174 0174 0174 0174 0174 0174 0174 0174 0174
0174 0174 0174 0174 0174 0174 0174 0174 0174 0174 0174 0174 0174 0174 0174 0174 0004 0008 0000 0000 0000 0000 0000 0000 0000 0000 0000 0000 0000 0000 0000 0000 0000 0000 0000 0000 0000 0000 0000 0000 0000 0000 0000 0000 0006 0174 0174 0174 0174 0174 0174 0174 0174 0174 0174 0174 0174 0174 0174 0174 0174 0174 0174 0174
0174 0174 0174 0174 0174 0174 0174 0174 0174 0174 0174 0174 0174 0174 0174 0174 0006 0007 0000 0000 0000 0000 0000 0000 0000 0000 0000 0000 0000 0000 0000 0000 0000 0000 0000 0000 0000 0000 0000 0000 0000 0000 0000 0000 0004 0004 0174 0174 0174 0174 0174 0174 0174 0174 0174 0174 0174 0174 0174 0174 0174 0174 0174 0174
0174 0174 0174 0174 0174 0174 0174 0174 0174 0174 0174 0174 0174 0174 0174 0174 0004 0004 0000 0000 0000 0000 0000 0000 0000 0000 0000 0000 0000 0000 0000 0000 0000 0000 0000 0000 0000 0000 0000 0000 0000 0000 0000 0000 0007 0006 0174 0174 0174 0174 0174 0174 0174 0174 0174 0174 0174 0174 0174 0174 0174 0174 0174 0174
0174 0174 0174 0174 0174 0174 0174 0174 0174 0174 0174 0174 0174 0174 0174 0174 0004 0007 0000 0000 0000 0000 0000 0000 0000 0000 0000 0000 0000 0000 0000 0000 0000 0000 0000 0000 0000 0000 0000 0000 0000 0000 0000 0000 0008 0008 0174 0174 0174 0174 0174 0174 0174 0174 0174 0174 0174 0174 0174 0174 0174 0174 0174 0174
0174 0174 0174 0174 0174 0174 0174 0174 0174 0174 0174 0174 0174 0174 0174 0174 0006 0000 0000 0000 0000 0000 0000 0000 0000 0000 0000 0000 0000 0000 0000 0000 0000 0000 0000 0000 0000 0000 0000 0000 0000 0000 0000 0000 0004 0004 0174 0174 0174 0174 0174 0174 0174 0174 0174 0174 0174 0174 0174 0174 0174 0174 0174 0174
0174 0174 0174 0174 0174 0174 0174 0174 0174 0174 0174 0174 0174 0174 0174 0004 0007 0000 0000 0000 0000 0000 0000 0000 0000 0000 0000 0000 0000 0000 0000 0000 0000 0000 0000 0000 0000 0000 0000 0000 0000 0000 0000 0000 0008 0004 0174 0174 0174 0174 0174 0174 0174 0174 0174 0174 0174 0174 0174 0174 0174 0174 0174 0174
0174 0174 0174 0174 0174 0174 0174 0174 0174 0174 0174 0174 0174 0174 0174 0174 0004 0007 0000 0000 0000 0000 0000 0000 0000 0000 0000 0000 0000 0000 0000 0000 0000 0000 0000 0000 0000 0000 0000 0000 0000 0000 0000 0000 0008 0008 0174 0174 0174 0174 0174 0174 0174 0174 0174 0174 0174 0174 0174 0174 0174 0174 0174 0174
0174 0174 0174 0174 0174 0174 0174 0174 0174 0174 0174 0174 0174 0174 0174 0174 0006 0000 0000 0000 0000 0000 0000 0000 0000 0000 0000 0000 0000 0000 0000 0000 0000 0000 0000 0000 0000 0000 0000 0000 0000 0000 0000 0000 0004 0004 0174 0174 0174 0174 0174 0174 0174 0174 0174 0174 0174 0174 0174 0174 0174 0174 0174 0174
0174 0174 0174 0174 0174 0174 0174 0174 0174 0174 0174 0174 0174 0174 0174 0174 0004 0007 0000 0000 0000 0000 0000 0000 0000 0000 0000 0000 0000 0000 0000 0000 0000 0000 0000 0000 0000 0000 0000 0000 0000 0000 0000 0000 0008 0008 0174 0174 0174 0174 0174 0174 0174 0174 0174 0174 0174 0174 0174 0174 0174 0174 0174 0174
0174 0174 0174 0174 0174 0174 0174 0174 0174 0174 0174 0174 0174 0174 0174 0174 0004 0007 0000 0000 0000 0000 0000 0000 0000 0000 0000 0000 0000 0000 0000 0000 0000 0000 0000 0000 0000 0000 0000 0000 0000 0000 0000 0000 0008 0008 0174 0174 0174 0174 0174 0174 0174 0174 0174 0174 0174 0174 0174 0174 0174 0174 0174 0174
0174 0174 0174 0174 0174 0174 0174 0174 0174 0174 0174 0174 0174 0174 0174 0174 0006 0000 0000 0000 0000 0000 0000 0000 0000 0000 0000 0000 0000 0000 0000 0000 0000 0000 0000 0000 0000 0000 0000 0000 0000 0000 0000 0000 0004 0004 0174 0174 0174 0174 0174 0174 0174 0174 0174 0174 0174 0174 0174 0174 0174 0174 0174 0174
0174 0174 0174 0174 0174 0174 0174 0174 0174 0174 0174 0174 0174 0174 0174 0174 0004 0007 0000 0000 0000 0000 0000 0000 0000 0000 0000 0000 0000 0000 0000 0000 0000 0000 0000 0000 0000 0000 0000 0000 0000 0000 0000 0000 0008 0008 0174 0174 0174 0174 0174 0174 0174 0174 0174 0174 0174 0174 0174 0174 0174 0174 0174 0174
0174 0174 0174 0174 0174 0174 0174 0174 0174 0174 0174 0174 0174 0174 0174 0174 0004 0007 0000 0000 0000 0000 0000 0000 0000 0000 0000 0000 0000 0000 0000 0000 0000 0000 0000 0000 0000 0000 0000 0000 0000 0000 0000 0000 0008 0008 0174 0174 0174 0174 0174 0174 0174 0174 0174 0174 0174 0174 0174 0174 0174 0174 0174 0174
0174 0174 0174 0174 0174 0174 0174 0174 0174 0174 0174 0174 0174 0174 0174 0174 0006 0000 0000 0000 0000 0000 0000 0000 0000 0000 0000 0000 0000 0000 0000 0000 0000 0000 0000 0000 0000 0000 0000 0000 0000 0000 0000 0000 0004 0004 0174 0174 0174 0174 0174 0174 0174 0174 0174 0174 0174 0174 0174 0174 0174 0174 0174 0174
0174 0174 0174 0174 0174 0174 0174 0174 0174 0174 0174 0174 0174 0174 0174 0004 0007 0000 0000 0000 0000 0000 0000 0000 0000 0000 0000 0000 0000 0000 0000 0000 0000 0000 0000 0000 0000 0000 0000 0000 0000 0000 0000 0000 0008 0004 0174 0174 0174 0174 0174 0174 0174 0174 0174 0174 0174 0174 0174 0174 0174 0174 0174 0174
0174 0174 0174 0174 0174 0174 0174 0174 0174 0174 0174 0174 0174 0174 0174 0174 0004 0007 0000 0000 0000 0000 0000 0000 0000 0000 0000 0000 0000 0000 0000 0000 0000 0000 0000 0000 0000 0000 0000 0000 0000 0000 0000 0000 0008 0008 0174 0174 0174 0174 0174 0174 0174 0174 0174 0174 0174 0174 0174 0174 0174 0174 0174 0174
0174 0174 0174 0174 0174 0174 0174 0174 0174 0174 0174 0174 0174 0174 0174 0174 0004 0007 0000 0000 0000 0000 0000 0000 0000 0000 0000 0000 0000 0000 0000 0000 0000 0000 0000 0000 0000 0000 0000 0000 0000 0000 0000 0000 0008 0008 0174 0174 0174 0174 0174 0174 0174 0174 0174 0174 0174 0174 0174 0174 0174 0174 0174 0174
0174 0174 0174 0174 0174 0174 0174 0174 0174 0174 0174 0174 0174 0174 0174 0174 0006 0000 0000 0000 0000 0000 0000 0000 0000 0000 0000 0000 0000 0000 0000 0000 0000 0000 0000 0000 0000 0000 0000 0000 0000 0000 0000 0000 0004 0004 0174 0174 0174 0174 0174 0174 0174 0174 0174 0174 0174 0174 0174 0174 0174 0174 0174 0174
0174 0174 0174 0174 0174 0174 0174 0174 0174 0174 0174 0174 0174 0174 0174 0174 0004 0004 0000 0000 0000 0000 0000 0000 0000 0000 0000 0000 0000 0000 0000 0000 0000 0000 0000 0000 0000 0000 0000 0000 0000 0000 0000 0000 0007 0006 0174 0174 0174 0174 0174 0174 0174 0174 0174 0174 0174 0174 0174 0174 0174 0174 0174 0174
0174 0174 0174 0174 0174 0174 0174 0174 0174 0174 0174 0174 0174 0174 0174 0174 0004 0007 0000 0000 0000 0000 0000 0000 0000 0000 0000 0000 0000 0000 0000 0000 0000 0000 0000 0000 0000 0000 0000 0000 0000 0000 0000 0000 0008 0008 0174 0174 0174 0174 0174 0174 0174 0174 0174 0174 0174 0174 0174 0174 0174 0174 0174 0174
0174 0174 0174 0174 0174 0174 0174 0174 0174 0174 0174 0174 0174 0174 0174 0174 0006 0000 0000 0000 0000 0000 0000 0000 0000 0000 0000 0000 0000 0000 0000 0000 0000 0000 0000 0000 0000 0000 0000 0000 0000 0000 0000 0000 0004 0004 0174 0174 0174 0174 0174 0174 0174 0174 0174 0174 0174 0174 0174 0174 0174 0174 0174 0174
0174 0174 0174 0174 0174 0174 0174 0174 0174 0174 0174 0174 0174 0174 0174 0004 0007 0000 0000 0000 0000 0000 0000 0000 0000 0000 0000 0000 0000 0000 0000 0000 0000 0000 0000 0000 0000 0000 0000 0000 0000 0000 0000 0000 0008 0004 0174 0174 0174 0174 0174 0174 0174 0174 0174 0174 0174 0174 0174 0174 0174 0174 0174 0174
0174 0174 0174 0174 0174 0174 0174 0174 0174 0174 0174 0174 0174 0174 0174 0174 0004 0007 0000 0000 0000 0000 0000 0000 0000 0000 0000 0000 0000 0000 0000 0000 0000 0000 0000 0000 0000 0000 0000 0000 0000 0000 0000 0000 0008 0008 0174 0174 0174 0174 0174 0174 0174 0174 0174 0174 0174 0174 0174 0174 0174 0174 0174 0174
0174 0174 0174 0174 0174 0174 0174 0174 0174 0174 0174 0174 0174 0174 0174 0174 0006 0000 0000 0000 0000 0000 0000 0000 0000 0000 0000 0000 0000 0000 0000 0000 0000 0000 0000 0000 0000 0000 0000 0000 0000 0000 0000 0000 0004 0004 0174 0174 0174 0174 0174 0174 0174 0174 0174 0174 0174 0174 0174 0174 0174 0174 0174 0174
0174 0174 0174 0174 0174 0174 0174 0174 0174 0174 0174 0174 0174 0174 0174 0174 0004 0007 0000 0000 0000 0000 0000 0000 0000 0000 0000 0000 0000 0000 0000 0000 0000 0000 0000 0000 0000 0000 0000 0000 0000 0000 0000 0000 0008 0008 0174 0174 0174 0174 0174 0174 0174 0174 0174 0174 0174 0174 0174 0174 0174 0174 0174 0174
0174 0174 0174 0174 0174 0174 0174 0174 0174 0174 0174 0174 0174 0174 0174 0174 0004 0007 0000 0000 0000 0000 0000 0000 0000 0000 0000 0000 0000 0000 0000 0000 0000 0000 0000 0000 0000 0000 0000 0000 0000 0000 0000 0000 0008 0008 0174 0174 0174 0174 0174 0174 0174 0174 0174 0174 0174 0174 0174 0174 0174 0174 0174 0174
0174 0174 0174 0174 0174 0174 0174 0174 0174 0174 0174 0174 0174 0174 0174 0174 0006 0000 0000 0000 0000 0000 0000 0000 0000 0000 0000 0000 0000 0000 0000 0000 0000 0000 0000 0000 0000 0000 0000 0000 0000 0000 0000 0000 0004 0004 0174 0174 0174 0174 0174 0174 0174 0174 0174 0174 0174 0174 0174 0174 0174 0174 0174 0174
0174 0174 0174 0174 0174 0174 0174 0174 0174 0174 0174 0174 0174 0174 0174 0004 0007 0000 0000 0000 0000 0000 0000 0000 0000 0000 0000 0000 0000 0000 0000 0000 0000 0000 0000 0000 0000 0000 0000 0000 0000 0000 0000 0000 0008 0004 0174 0174 0174 0174 0174 0174 0174 0174 0174 0174 0174 0174 0174 0174 0174 0174 0174 0174
0174 0174 0174 0174 0174 0174 0174 0174 0174 0174 0174 0174 0174 0174 0174 0174 0004 0007 0000 0000 0000 0000 0000 0000 0000 0000 0000 0000 0000 0000 0000 0000 0000 0000 0000 0000 0000 0000 0000 0000 0000 0000 0000 0000 0008 0008 0174 0174 0174 0174 0174 0174 0174 0174 0174 0174 0174 0174 0174 0174 0174 0174 0174 0174
0174 0174 0174 0174 0174 0174 0174 0174 0174 0174 0174 0174 0174 0174 0174 0174 0004 0007 0000 0000 0000 0000 0000 0000 0000 0000 0000 0000 0000 0000 0000 0000 0000 0000 0000 0000 0000 0000 0000 0000 0000 0000 0000 0000 0008 0008 0174 0174 0174 0174 0174 0174 0174 0174 0174 0174 0174 0174 0174 0174 0174 0174 0174 0174
0174 0174 0174 0174 0174 0174 0174 0174 0174 0174 0174 0174 0174 0174 0174 0174 0006 0000 0000 0000 0000 0000 0000 0000 0000 0000 0000 0000 0000 0000 0000 0000 0000 0000 0000 0000 0000 0000 0000 0000 0000 0000 0000 0000 0004 0004 0174 0174 0174 0174 0174 0174 0174 0174 0174 0174 0174 0174 0174 0174 0174 0174 0174 0174
0174 0174 0174 0174 0174 0174 0174 0174 0174 0174 0174 0174 0174 0174 0174 0174 0004 0007 0000 0000 0000 0000 0000 0000 0000 0000 0000 0000 0000 0000 0000 0000 0000 0000 0000 0000 0000 0000 0000 0000 0000 0000 0000 0000 0008 0008 0174 0174 0174 0174 0174 0174 0174 0174 0174 0174 0174 0174 0174 0174 0174 0174 0174 0174
0174 0174 0174 0174 0174 0174 0174 0174 0174 0174 0174 0174 0174 0174 0174 0174 0006 0000 0000 0000 0000 0000 0000 0000 0000 0000 0000 0000 0000 0000 0000 0000 0000 0000 0000 0000 0000 0000 0000 0000 0000 0000 0000 0000 0004 0004 0174 0174 0174 0174 0174 0174 0174 0174 0174 0174 0174 0174 0174 0174 0174 0174 0174 0174
0174 0174 0174 0174 0174 0174 0174 0174 0174 0174 0174 0174 0174 0174 0174 0174 0004 0007 0000 0000 0000 0000 0000 0000 0000 0000 0000 0000 0000 0000 0000 0000 0000 0000 0000 0000 0000 0000 0000 0000 0000 0000 0000 0000 0008 0008 0174 0174 0174 0174 0174 0174 0174 0174 0174 0174 0174 0174 0174 0174 0174 0174 0174 0174
0174 0174 0174 0174 0174 0174 0174 0174 0174 0174 0174 0174 0174 0174 0174 0174 0004 0007 0000 0000 0000 0000 0000 0000 0000 0000 0000 0000 0000 0000 0000 0000 0000 0000 0000 0000 0000 0000 0000 0000 0000 0000 0000 0000 0008 0008 0174 0174 0174 0174 0174 0174 0174 0174 0174 0174 0174 0174 0174 0174 0174 0174 0174 0174
0174 0174 0174 0174 0174 0174 0174 0174 0174 0174 0174 0174 0174 0174 0174 0174 0006 0000 0000 0000 0000 0000 0000 0000 0000 0000 0000 0000 0000 0000 0000 0000 0000 0000 0000 0000 0000 0000 0000 0000 0000 0000 0000 0000 0004 0004 0174 0174 0174 0174 0174 0174 0174 0174 0174 0174 0174 0174 0174 0174 0174 0174 0174 0174
0174 0174 0174 0174 0174 0174 0174 0174 0174 0174 0174 0174 0174 0174 0174 0004 0007 0000 0000 0000 0000 0000 0000 0000 0000 0000 0000 0000 0000 0000 0000 0000 0000 0000 0000 0000 0000 0000 0000 0000 0000 0000 0000 0000 0008 0004 0174 0174 0174 0174 0174 0174 0174 0174 0174 0174 0174 0174 0174 0174 0174 0174 0174 0174
0174 0174 0174 0174 0174 0174 0174 0174 0174 0174 0174 0174 0174 0174 0174 0174 0004 0007 0000 0000 0000 0000 0000 0000 0000 0000 0000 0000 0000 0000 0000 0000 0000 0000 0000 0000 0000 0000 0000 0000 0000 0000 0000 0000 0008 0008 0174 0174 0174 0174 0174 0174 0174 0174 0174 0174 0174 0174 0174 0174 0174 0174 0174 0174
0174 0174 0174 0174 0174 0174 0174 0174 0174 0174 0174 0174 0174 0174 0174 0174 0004 0007 0000 0000 0000 0000 0000 0000 0000 0000 0000 0000 0000 0000 0000 0000 0000 0000 0000 0000 0000 0000 0000 0000 0000 0000 0000 0000 0008 0008 0174 0174 0174 0174 0174 0174 0174 0174 0174 0174 0174 0174 0174 0174 0174 0174 0174 0174
0174 0174 0174 0174 0174 0174 0174 0174 0174 0174 0174 0174 0174 0174 0174 0174 0006 0000 0000 0000 0000 0000 0000 0000 0000 0000 0000 0000 0000 0000 0000 0000 0000 0000 0000 0000 0000 0000 0000 0000 0000 0000 0000 0000 0004 0004 0174 0174 0174 0174 0174 0174 0174 0174 0174 0174 0174 0174 0174 0174 0174 0174 0174 0174
0174 0174 0174 0174 0174 0174 0174 0174 0174 0174 0174 0174 0174 0174 0174 0174 0174 0174 0008 0004 0000 0000 0000 0000 0001 0000 0001 0000 0001 0000 0001 0000 0001 0000 0001 0000 0001 0000 0001 0000 0001 0000 0000 0000 0007 0008 0174 0174 0174 0174 0174 0174 0174 0174 0174 0174 0174 0174 0174 0174 0174 0174 0174 0174
0174 0174 0174 0174 0174 0174 0174 0174 0174 0174 0174 0174 0174 0174 0174 0174 0174 0004 0006 0000 0000 0000 0000 0000 0000 0001 0000 0001 0000 0001 0000 0001 0000 0001 0000 0001 0000 0001 0000 0001 0000 0000 0000 0004 0004 0007 0004 0174 0174 0174 0174 0174 0174 0174 0174 0174 0174 0174 0174 0174 0174 0174 0174 0174
0174 0174 0174 0174 0174 0174 0174 0174 0174 0174 0174 0174 0174 0174 0174 0174 0174 0007 0008 0000 0000 0000 0000 0000 0000 0000 0000 0000 0000 0000 0000 0000 0000 0000 0000 0000 0000 0000 0000 0000 0000 0000 0007 0004 0008 0004 0007 0174 0174 0174 0174 0174 0174 0174 0174 0174 0174 0174 0174 0174 0174 0174 0174 0174
0174 0174 0174 0174 0174 0174 0174 0174 0174 0174 0174 0174 0174 0174 0174 0174 0174 0004 0004 0007 0006 0007 0004 0007 0006 0004 0000 0008 0007 0000 0000 0006 0004 0008 0000 0004 0008 0004 0006 0007 0000 0000 0008 0004 0006 0004 0174 0174 0174 0174 0174 0174 0174 0174 0174 0174 0174 0174 0174 0174 0174 0174 0174 0174
0174 0174 0174 0174 0174 0174 0174 0174 0174 0174 0174 0174 0174 0174 0174 0174 0174 0004 0006 0008 0004 0006 0174 0004 0008 0004 0004 0004 0006 0004 0007 0004 0004 0007 0006 0004 0007 0174 0008 0004 0006 0006 0004 0004 0004 0004 0174 0174 0174 0174 0174 0174 0174 0174 0174 0174 0174 0174 0174 0174 0174 0174 0174 0174
0174 0174 0174 0174 0174 0174 0174 0174 0174 0174 0174 0174 0174 0174 0174 0174 0174 0174 0004 0004 0174 0174 0174 0174 0174 0174 0174 0174 0174 0174 0174 0174 0174 0174 0174 0174 0174 0174 0174 0174 0174 0174 0004 0004 0004 0174 0174 0174 0174 0174 0174 0174 0174 0174 0174 0174 0174 0174 0174 0174 0174 0174 0174 0174
0174 0174 0174 0174 0174 0174 0174 0174 0174 0174 0174 0174 0174 0174 0174 0174 0174 0174 0174 0174 0174 0174 0174 0174 0174 0174 0174 0174 0174 0174 0174 0174 0174 0174 0174 0174 0174 0174 0174 0174 0174 0174 0174 0174 0174 0174 0174 0174 0174 0174 0174 0174 0174 0174 0174 0174 0174 0174 0174 0174 0174 0174 0174 0174
0174 0174 0174 0174 0174 0174 0174 0174 0174 0174 0174 0174 0174 0174 0174 0174 0174 0174 0174 0174 0174 0174 0174 0174 0174 0174 0174 0174 0174 0174 0174 0174 0174 0174 0174 0174 0174 0174 0174 0174 0174 0174 0174 0174 0174 0174 0174 0174 0174 0174 0174 0174 0174 0174 0174 0174 0174 0174 0174 0174 0174 0174 0174 0174
0174 0174 0174 0174 0174 0174 0174 0174 0174 0174 0174 0174 0174 0174 0174 0174 0174 0174 0174 0174 0174 0174 0174 0174 0174 0174 0174 0174 0174 0174 0174 0174 0174 0174 0174 0174 0174 0174 0174 0174 0174 0174 0174 0174 0174 0174 0174 0174 0174 0174 0174 0174 0174 0174 0174 0174 0174 0174 0174 0174 0174 0174 0174 0174
0174 0174 0174 0174 0174 0174 0174 0174 0174 0174 0174 0174 0174 0174 0174 0174 0174 0174 0174 0174 0174 0174 0174 0174 0174 0174 0174 0174 0174 0174 0174 0174 0174 0174 0174 0174 0174 0174 0174 0174 0174 0174 0174 0174 0174 0174 0174 0174 0174 0174 0174 0174 0174 0174 0174 0174 0174 0174 0174 0174 0174 0174 0174 0174
0174 0174 0174 0174 0174 0174 0174 0174 0174 0174 0174 0174 0174 0174 0174 0174 0174 0174 0174 0174 0174 0174 0174 0174 0174 0174 0174 0174 0174 0174 0174 0174 0174 0174 0174 0174 0174 0174 0174 0174 0174 0174 0174 0174 0174 0174 0174 0174 0174 0174 0174 0174 0174 0174 0174 0174 0174 0174 0174 0174 0174 0174 0174 0174
