0000000000000000000000000000000000000000000000000000000011111122222111111122220000000000
0000000000000011111111111111111100000000000000000000000011111122222111111122220000000000
0000000000001111112222211111112222000000000000000000001111122222222222222222222222211110
0000000000001111112222211111112222000000000000000001111111222222222222222222222222211110
0000000000001111112222211111112222000000000000000011111122222222222222222222222222211110
0000000000001111112222211111112222000000000000000111112222222222222222222222211111100000
0000000000001111112222211111112222000000000000001111122222222222222222222222222111100000
0000000000001111112222211111112222000000000000001111222222222222222222222222222221111000
0000000000001111112222211111112222000000000000011112222222222222222222222222222221111000
0000000000001111112222211111112222000000000000011122222222222222222222222222222221111000
0000000000001111112222211111112222000000000000011122222222222222222222222222222222111000
0000000000001111112222211111112222000000000000111222222222222222222222222222222222211100
0000000000001111112222211111112222000000000000111222222222222222222222222222222222211100
0000000000001111112222211111112222000000000000111222222222222222222222222222222222211100
0000000000001111112222211111112222000000000000111222222222222222222222222222222222211100
0000000000001111112222211111112222000000000000111222222222222222222222222222222222211100
0000000000001111112222211111112222000000000000111222222222222222222222222222222222211100
0000000000001111112222211111112222000000000000111222222222222222222222222222222222211100
0000000000001111112222211111112222000000000000112222222222222222222222222222222222111000
0000000000001111112222211111112222000000000000011122222222222222222222222222222222111100
0000000000001111112222211111112222000000000000011122222222222222222222222222222222111000
0000000000001111112222211111112222000000000000011112222222222222222222222222222221111000
0000000000001111112222211111112222000000000000001111222222222222222222222222222211110000
0000000000001111112222211111112222000000000000001111122222222222222222222222222111100000
0000000000001111112222211111112222000000000000000111112222222222222222222222211111100000
0000000000001111112222211111112222000000000000000011111122222222222222222222111111111110
0000000000001111112222211111112222000000000000000001111111222222222222222222222111111000
0000000000001111112222211111112222000000000000000000011111111122222111111222221111111000
0000000000001111112222211111112222000000000000000000000011111122222111111122220000000000
0000000000001111112222211111112222000000000000000000000000111111111111111111100000000000
0000000000001111112222211111112222000000000000000000000000000000000000000000000000000000
0000000000001111112222211111112222000000000000000000000011111122222111111122220000000000
0000000000001111112222211111112222000000000000000000000011111122222111111122220000000000
0000000000001111112222211111112222000000000000000000000011111122222111111122220000000000
0000000000001111112222211111112222000000000000000000000011111122222111111122220000000000
0000000000001111112222211111112222000000000000000000000011111122222111111122220000000000
0000000000001111112222211111112222000000000000000000000011111122222111111122220000000000
0000000000001111112222211111112222000000000000000000000011111122222111111122220000000000
0000000000001111112222211111112222000000000000000000000011111122222111111122220000000000
0000000000001111112222211111112222000000000000000000000011111122222111111122220000000000
0000000000001111112222211111112222000000000000000000000011111122222111111122220000000000
0000000000001111112222211111112222000000000000000000000011111122222111111122220000000000
0000000000001111112222211111112222000000000000000000000011111122222111111122220000000000
0000000000001111112222211111112222000000000000000000000011111122222111111122220000000000