0208 0209 0210 0211 0208 0209 0210 0211 0208 0209 0210 0211 0208 0209 0210 0211 0208 0209 0210 0211 0208 0209 0210 0211 0208 0209 0210 0211 0208 0209 0210 0211 0208 0209 0210 0211 0208 0209 0210 0211 0208 0209 0210 0211 0208 0209 0210 0211 0208 0209 0210 0211 0208 0209 0210 0211 0208 0209 0210 0211 0208 0209 0210 0211
0212 0213 0214 0215 0212 0213 0214 0215 0212 0213 0214 0215 0212 0213 0214 0215 0212 0213 0214 0215 0212 0213 0214 0215 0212 0213 0214 0215 0212 0213 0214 0215 0212 0213 0214 0215 0212 0213 0214 0215 0212 0213 0214 0215 0212 0213 0214 0215 0212 0213 0214 0215 0212 0213 0214 0215 0212 0213 0214 0215 0212 0213 0214 0215
0216 0217 0218 0219 0216 0217 0218 0219 0216 0217 0218 0219 0216 0217 0218 0219 0216 0217 0218 0219 0216 0217 0218 0219 0216 0217 0218 0219 0216 0217 0218 0219 0216 0217 0218 0219 0216 0217 0218 0219 0216 0217 0218 0219 0216 0217 0218 0219 0216 0217 0218 0219 0216 0217 0218 0219 0216 0217 0218 0219 0216 0217 0218 0219
0220 0221 0222 0223 0220 0221 0222 0223 0220 0221 0222 0223 0220 0221 0222 0223 0220 0221 0222 0223 0220 0221 0222 0223 0220 0221 0222 0223 0220 0221 0222 0223 0220 0221 0222 0223 0220 0221 0222 0223 0220 0221 0222 0223 0220 0221 0222 0223 0220 0221 0222 0223 0220 0221 0222 0223 0220 0221 0222 0223 0220 0221 0222 0223
0208 0209 0210 0211 0208 0209 0210 0211 0208 0209 0210 0211 0208 0209 0210 0211 0208 0209 0210 0211 0208 0209 0210 0211 0208 0209 0210 0211 0208 0209 0210 0211 0208 0209 0210 0211 0208 0209 0210 0211 0208 0209 0210 0211 0208 0209 0210 0211 0208 0209 0210 0211 0208 0209 0210 0211 0208 0209 0210 0211 0208 0209 0210 0211
0212 0213 0214 0215 0212 0213 0214 0215 0212 0213 0214 0215 0212 0213 0214 0215 0212 0213 0214 0215 0212 0213 0214 0215 0212 0213 0214 0215 0212 0213 0214 0215 0212 0213 0214 0215 0212 0213 0214 0215 0212 0213 0214 0215 0212 0213 0214 0215 0212 0213 0214 0215 0212 0213 0214 0215 0212 0213 0214 0215 0212 0213 0214 0215
0216 0217 0218 0219 0216 0217 0218 0219 0216 0217 0218 0219 0216 0217 0218 0219 0216 0217 0218 0219 0216 0217 0218 0219 0216 0217 0218 0219 0216 0217 0218 0219 0216 0217 0218 0219 0216 0217 0218 0219 0216 0217 0218 0219 0216 0217 0218 0219 0216 0217 0218 0219 0216 0217 0218 0219 0216 0217 0218 0219 0216 0217 0218 0219
0220 0221 0222 0223 0220 0221 0222 0223 0220 0221 0222 0223 0220 0221 0222 0223 0220 0221 0222 0223 0220 0221 0222 0223 0220 0221 0222 0223 0220 0221 0222 0223 0220 0221 0222 0223 0220 0221 0222 0223 0220 0221 0222 0223 0220 0221 0222 0223 0220 0221 0222 0223 0220 0221 0222 0223 0220 0221 0222 0223 0220 0221 0222 0223
0208 0209 0210 0211 0208 0209 0210 0211 0208 0209 0210 0211 0208 0209 0210 0211 0208 0209 0210 0211 0208 0209 0210 0211 0208 0209 0210 0211 0208 0209 0210 0211 0208 0209 0210 0211 0208 0209 0210 0211 0208 0209 0210 0211 0208 0209 0210 0211 0208 0209 0210 0211 0208 0209 0210 0211 0208 0209 0210 0211 0208 0209 0210 0211
0212 0213 0214 0215 0212 0213 0214 0215 0212 0213 0214 0215 0212 0213 0214 0215 0212 0213 0214 0215 0212 0213 0214 0215 0212 0213 0214 0215 0212 0213 0214 0215 0212 0213 0214 0215 0212 0213 0214 0215 0212 0213 0214 0215 0212 0213 0214 0215 0212 0213 0214 0215 0212 0213 0214 0215 0212 0213 0214 0215 0212 0213 0214 0215
0216 0217 0218 0219 0216 0217 0218 0219 0216 0217 0218 0219 0216 0217 0218 0219 0216 0217 0218 0219 0216 0217 0218 0219 0216 0217 0218 0219 0216 0217 0218 0219 0216 0217 0218 0219 0216 0217 0218 0219 0216 0217 0218 0219 0216 0217 0218 0219 0216 0217 0218 0219 0216 0217 0218 0219 0216 0217 0218 0219 0216 0217 0218 0219
0220 0221 0222 0223 0220 0221 0222 0223 0220 0221 0222 0223 0220 0221 0222 0223 0220 0221 0222 0223 0220 0221 0222 0223 0220 0221 0222 0223 0220 0221 0222 0223 0220 0221 0222 0223 0220 0221 0222 0223 0220 0221 0222 0223 0220 0221 0222 0223 0220 0221 0222 0223 0220 0221 0222 0223 0220 0221 0222 0223 0220 0221 0222 0223
0208 0209 0210 0211 0208 0209 0210 0211 0208 0209 0210 0211 0208 0209 0210 0211 0208 0209 0210 0211 0208 0209 0210 0211 0208 0209 0210 0211 0208 0209 0210 0211 0208 0209 0210 0211 0208 0209 0210 0211 0208 0209 0210 0211 0208 0209 0210 0211 0208 0209 0210 0211 0208 0209 0210 0211 0208 0209 0210 0211 0208 0209 0210 0211
0212 0213 0214 0215 0212 0213 0214 0215 0212 0213 0214 0215 0212 0213 0214 0215 0212 0213 0214 0215 0212 0213 0214 0215 0212 0213 0214 0215 0212 0213 0214 0215 0212 0213 0214 0215 0212 0213 0214 0215 0212 0213 0214 0215 0212 0213 0214 0215 0212 0213 0214 0215 0212 0213 0214 0215 0212 0213 0214 0215 0212 0213 0214 0215
0216 0217 0218 0219 0216 0217 0218 0219 0216 0217 0218 0219 0216 0217 0218 0219 0216 0217 0218 0219 0216 0217 0218 0219 0216 0217 0218 0219 0216 0217 0218 0219 0216 0217 0218 0219 0216 0217 0218 0219 0216 0217 0218 0219 0216 0217 0218 0219 0216 0217 0218 0219 0216 0217 0218 0219 0216 0217 0218 0219 0216 0217 0218 0219
0220 0221 0222 0223 0220 0221 0222 0223 0220 0221 0222 0223 0220 0221 0222 0223 0220 0221 0222 0223 0220 0221 0222 0223 0220 0221 0222 0223 0220 0221 0222 0223 0220 0221 0222 0223 0220 0221 0222 0223 0220 0221 0222 0223 0220 0221 0222 0223 0220 0221 0222 0223 0220 0221 0222 0223 0220 0221 0222 0223 0220 0221 0222 0223
0208 0209 0210 0211 0208 0209 0210 0211 0208 0209 0210 0211 0208 0209 0210 0211 0208 0209 0210 0211 0208 0209 0210 0211 0208 0209 0210 0211 0208 0209 0210 0211 0208 0209 0210 0211 0208 0209 0210 0211 0208 0209 0210 0211 0208 0209 0210 0211 0208 0209 0210 0211 0208 0209 0210 0211 0208 0209 0210 0211 0208 0209 0210 0211
0212 0213 0214 0215 0212 0213 0214 0215 0212 0213 0214 0215 0212 0213 0214 0215 0212 0213 0214 0215 0212 0213 0214 0215 0212 0213 0214 0215 0212 0213 0214 0215 0212 0213 0214 0215 0212 0213 0214 0215 0212 0213 0214 0215 0212 0213 0214 0215 0212 0213 0214 0215 0212 0213 0214 0215 0212 0213 0214 0215 0212 0213 0214 0215
0216 0217 0218 0219 0216 0217 0218 0219 0216 0217 0218 0219 0216 0217 0218 0219 0216 0217 0218 0219 0216 0217 0218 0219 0216 0217 0218 0219 0216 0217 0218 0219 0216 0217 0218 0219 0216 0217 0218 0219 0216 0217 0218 0219 0216 0217 0218 0219 0216 0217 0218 0219 0216 0217 0218 0219 0216 0217 0218 0219 0216 0217 0218 0219
0220 0221 0222 0223 0220 0221 0222 0223 0220 0221 0222 0223 0220 0221 0222 0223 0220 0221 0222 0223 0220 0221 0222 0223 0220 0221 0222 0223 0220 0221 0222 0223 0220 0221 0222 0223 0220 0221 0222 0223 0220 0221 0222 0223 0220 0221 0222 0223 0220 0221 0222 0223 0220 0221 0222 0223 0220 0221 0222 0223 0220 0221 0222 0223
0208 0209 0210 0211 0208 0209 0210 0211 0208 0209 0210 0211 0208 0209 0210 0211 0208 0209 0210 0211 0208 0209 0210 0211 0208 0209 0210 0211 0208 0209 0210 0211 0208 0209 0210 0211 0208 0209 0210 0211 0208 0209 0210 0211 0208 0209 0210 0211 0208 0209 0210 0211 0208 0209 0210 0211 0208 0209 0210 0211 0208 0209 0210 0211
0212 0213 0214 0215 0212 0213 0214 0215 0212 0213 0214 0215 0212 0213 0214 0215 0212 0213 0214 0215 0212 0213 0214 0215 0212 0213 0214 0215 0212 0213 0214 0215 0212 0213 0214 0215 0212 0213 0214 0215 0212 0213 0214 0215 0212 0213 0214 0215 0212 0213 0214 0215 0212 0213 0214 0215 0212 0213 0214 0215 0212 0213 0214 0215
0216 0217 0218 0219 0216 0217 0218 0219 0216 0217 0218 0219 0216 0217 0218 0219 0216 0217 0218 0219 0216 0217 0218 0219 0216 0217 0218 0219 0216 0217 0218 0219 0216 0217 0218 0219 0216 0217 0218 0219 0216 0217 0218 0219 0216 0217 0218 0219 0216 0217 0218 0219 0216 0217 0218 0219 0216 0217 0218 0219 0216 0217 0218 0219
0220 0221 0222 0223 0220 0221 0222 0223 0220 0221 0222 0223 0220 0221 0222 0223 0220 0221 0222 0223 0220 0221 0222 0223 0220 0221 0222 0223 0220 0221 0222 0223 0220 0221 0222 0223 0220 0221 0222 0223 0220 0221 0222 0223 0220 0221 0222 0223 0220 0221 0222 0223 0220 0221 0222 0223 0220 0221 0222 0223 0220 0221 0222 0223
0208 0209 0210 0211 0208 0209 0210 0211 0208 0209 0210 0211 0208 0209 0210 0211 0208 0209 0210 0211 0208 0209 0210 0211 0208 0209 0210 0211 0208 0209 0210 0211 0208 0209 0210 0211 0208 0209 0210 0211 0208 0209 0210 0211 0208 0209 0210 0211 0208 0209 0210 0211 0208 0209 0210 0211 0208 0209 0210 0211 0208 0209 0210 0211
0212 0213 0214 0215 0212 0213 0214 0215 0212 0213 0214 0215 0212 0213 0214 0215 0212 0213 0214 0215 0212 0213 0214 0215 0212 0213 0214 0215 0212 0213 0214 0215 0212 0213 0214 0215 0212 0213 0214 0215 0212 0213 0214 0215 0212 0213 0214 0215 0212 0213 0214 0215 0212 0213 0214 0215 0212 0213 0214 0215 0212 0213 0214 0215
0216 0217 0218 0219 0216 0217 0218 0219 0216 0217 0218 0219 0216 0217 0218 0219 0216 0217 0218 0219 0216 0217 0218 0219 0216 0217 0218 0219 0216 0217 0218 0219 0216 0217 0218 0219 0216 0217 0218 0219 0216 0217 0218 0219 0216 0217 0218 0219 0216 0217 0218 0219 0216 0217 0218 0219 0216 0217 0218 0219 0216 0217 0218 0219
0220 0221 0222 0223 0220 0221 0222 0223 0220 0221 0222 0223 0220 0221 0222 0223 0220 0221 0222 0223 0220 0221 0222 0223 0220 0221 0222 0223 0220 0221 0222 0223 0220 0221 0222 0223 0220 0221 0222 0223 0220 0221 0222 0223 0220 0221 0222 0223 0220 0221 0222 0223 0220 0221 0222 0223 0220 0221 0222 0223 0220 0221 0222 0223
0208 0209 0210 0211 0208 0209 0210 0211 0208 0209 0210 0211 0208 0209 0210 0211 0208 0209 0210 0211 0208 0209 0210 0211 0208 0209 0210 0211 0208 0209 0210 0211 0208 0209 0210 0211 0208 0209 0210 0211 0208 0209 0210 0211 0208 0209 0210 0211 0208 0209 0210 0211 0208 0209 0210 0211 0208 0209 0210 0211 0208 0209 0210 0211
0212 0213 0214 0215 0212 0213 0214 0215 0212 0213 0214 0215 0212 0213 0214 0215 0212 0213 0214 0215 0212 0213 0214 0215 0212 0213 0214 0215 0212 0213 0214 0215 0212 0213 0214 0215 0212 0213 0214 0215 0212 0213 0214 0215 0212 0213 0214 0215 0212 0213 0214 0215 0212 0213 0214 0215 0212 0213 0214 0215 0212 0213 0214 0215
0216 0217 0218 0219 0216 0217 0218 0219 0216 0217 0218 0219 0216 0217 0218 0219 0216 0217 0218 0219 0216 0217 0218 0219 0216 0217 0218 0219 0216 0217 0218 0219 0216 0217 0218 0219 0216 0217 0218 0219 0216 0217 0218 0219 0216 0217 0218 0219 0216 0217 0218 0219 0216 0217 0218 0219 0216 0217 0218 0219 0216 0217 0218 0219
0220 0221 0222 0223 0220 0221 0222 0223 0220 0221 0222 0223 0220 0221 0222 0223 0220 0221 0222 0223 0220 0221 0222 0223 0220 0221 0222 0223 0220 0221 0222 0223 0220 0221 0222 0223 0220 0221 0222 0223 0220 0221 0222 0223 0220 0221 0222 0223 0220 0221 0222 0223 0220 0221 0222 0223 0220 0221 0222 0223 0220 0221 0222 0223
0208 0209 0210 0211 0208 0209 0210 0211 0208 0209 0210 0211 0208 0209 0210 0211 0208 0209 0210 0211 0208 0209 0210 0211 0208 0209 0210 0211 0208 0209 0210 0211 0208 0209 0210 0211 0208 0209 0210 0211 0208 0209 0210 0211 0208 0209 0210 0211 0208 0209 0210 0211 0208 0209 0210 0211 0208 0209 0210 0211 0208 0209 0210 0211
0212 0213 0214 0215 0212 0213 0214 0215 0212 0213 0214 0215 0212 0213 0214 0215 0212 0213 0214 0215 0212 0213 0214 0215 0212 0213 0214 0215 0212 0213 0214 0215 0212 0213 0214 0215 0212 0213 0214 0215 0212 0213 0214 0215 0212 0213 0214 0215 0212 0213 0214 0215 0212 0213 0214 0215 0212 0213 0214 0215 0212 0213 0214 0215
0216 0217 0218 0219 0216 0217 0218 0219 0216 0217 0218 0219 0216 0217 0218 0219 0216 0217 0218 0219 0216 0217 0218 0219 0216 0217 0218 0219 0216 0217 0218 0219 0216 0217 0218 0219 0216 0217 0218 0219 0216 0217 0218 0219 0216 0217 0218 0219 0216 0217 0218 0219 0216 0217 0218 0219 0216 0217 0218 0219 0216 0217 0218 0219
0220 0221 0222 0223 0220 0221 0222 0223 0220 0221 0222 0223 0220 0221 0222 0223 0220 0221 0222 0223 0220 0221 0222 0223 0220 0221 0222 0223 0220 0221 0222 0223 0220 0221 0222 0223 0220 0221 0222 0223 0220 0221 0222 0223 0220 0221 0222 0223 0220 0221 0222 0223 0220 0221 0222 0223 0220 0221 0222 0223 0220 0221 0222 0223
0208 0209 0210 0211 0208 0209 0210 0211 0208 0209 0210 0211 0208 0209 0210 0211 0208 0209 0210 0211 0208 0209 0210 0211 0208 0209 0210 0211 0208 0209 0210 0211 0208 0209 0210 0211 0208 0209 0210 0211 0208 0209 0210 0211 0208 0209 0210 0211 0208 0209 0210 0211 0208 0209 0210 0211 0208 0209 0210 0211 0208 0209 0210 0211
0212 0213 0214 0215 0212 0213 0214 0215 0212 0213 0214 0215 0212 0213 0214 0215 0212 0213 0214 0215 0212 0213 0214 0215 0212 0213 0214 0215 0212 0213 0214 0215 0212 0213 0214 0215 0212 0213 0214 0215 0212 0213 0214 0215 0212 0213 0214 0215 0212 0213 0214 0215 0212 0213 0214 0215 0212 0213 0214 0215 0212 0213 0214 0215
0216 0217 0218 0219 0216 0217 0218 0219 0216 0217 0218 0219 0216 0217 0218 0219 0216 0217 0218 0219 0216 0217 0218 0219 0216 0217 0218 0219 0216 0217 0218 0219 0216 0217 0218 0219 0216 0217 0218 0219 0216 0217 0218 0219 0216 0217 0218 0219 0216 0217 0218 0219 0216 0217 0218 0219 0216 0217 0218 0219 0216 0217 0218 0219
0220 0221 0222 0223 0220 0221 0222 0223 0220 0221 0222 0223 0220 0221 0222 0223 0220 0221 0222 0223 0220 0221 0222 0223 0220 0221 0222 0223 0220 0221 0222 0223 0220 0221 0222 0223 0220 0221 0222 0223 0220 0221 0222 0223 0220 0221 0222 0223 0220 0221 0222 0223 0220 0221 0222 0223 0220 0221 0222 0223 0220 0221 0222 0223
0208 0209 0210 0211 0208 0209 0210 0211 0208 0209 0210 0211 0208 0209 0210 0211 0208 0209 0210 0211 0208 0209 0210 0211 0208 0209 0210 0211 0208 0209 0210 0211 0208 0209 0210 0211 0208 0209 0210 0211 0208 0209 0210 0211 0208 0209 0210 0211 0208 0209 0210 0211 0208 0209 0210 0211 0208 0209 0210 0211 0208 0209 0210 0211
0212 0213 0214 0215 0212 0213 0214 0215 0212 0213 0214 0215 0212 0213 0214 0215 0212 0213 0214 0215 0212 0213 0214 0215 0212 0213 0214 0215 0212 0213 0214 0215 0212 0213 0214 0215 0212 0213 0214 0215 0212 0213 0214 0215 0212 0213 0214 0215 0212 0213 0214 0215 0212 0213 0214 0215 0212 0213 0214 0215 0212 0213 0214 0215
0216 0217 0218 0219 0216 0217 0218 0219 0216 0217 0218 0219 0216 0217 0218 0219 0216 0217 0218 0219 0216 0217 0218 0219 0216 0217 0218 0219 0216 0217 0218 0219 0216 0217 0218 0219 0216 0217 0218 0219 0216 0217 0218 0219 0216 0217 0218 0219 0216 0217 0218 0219 0216 0217 0218 0219 0216 0217 0218 0219 0216 0217 0218 0219
0220 0221 0222 0223 0220 0221 0222 0223 0220 0221 0222 0223 0220 0221 0222 0223 0220 0221 0222 0223 0220 0221 0222 0223 0220 0221 0222 0223 0220 0221 0222 0223 0220 0221 0222 0223 0220 0221 0222 0223 0220 0221 0222 0223 0220 0221 0222 0223 0220 0221 0222 0223 0220 0221 0222 0223 0220 0221 0222 0223 0220 0221 0222 0223
0208 0209 0210 0211 0208 0209 0210 0211 0208 0209 0210 0211 0208 0209 0210 0211 0208 0209 0210 0211 0208 0209 0210 0211 0208 0209 0210 0211 0208 0209 0210 0211 0208 0209 0210 0211 0208 0209 0210 0211 0208 0209 0210 0211 0208 0209 0210 0211 0208 0209 0210 0211 0208 0209 0210 0211 0208 0209 0210 0211 0208 0209 0210 0211
0212 0213 0214 0215 0212 0213 0214 0215 0212 0213 0214 0215 0212 0213 0214 0215 0212 0213 0214 0215 0212 0213 0214 0215 0212 0213 0214 0215 0212 0213 0214 0215 0212 0213 0214 0215 0212 0213 0214 0215 0212 0213 0214 0215 0212 0213 0214 0215 0212 0213 0214 0215 0212 0213 0214 0215 0212 0213 0214 0215 0212 0213 0214 0215
0216 0217 0218 0219 0216 0217 0218 0219 0216 0217 0218 0219 0216 0217 0218 0219 0216 0217 0218 0219 0216 0217 0218 0219 0216 0217 0218 0219 0216 0217 0218 0219 0216 0217 0218 0219 0216 0217 0218 0219 0216 0217 0218 0219 0216 0217 0218 0219 0216 0217 0218 0219 0216 0217 0218 0219 0216 0217 0218 0219 0216 0217 0218 0219
0220 0221 0222 0223 0220 0221 0222 0223 0220 0221 0222 0223 0220 0221 0222 0223 0220 0221 0222 0223 0220 0221 0222 0223 0220 0221 0222 0223 0220 0221 0222 0223 0220 0221 0222 0223 0220 0221 0222 0223 0220 0221 0222 0223 0220 0221 0222 0223 0220 0221 0222 0223 0220 0221 0222 0223 0220 0221 0222 0223 0220 0221 0222 0223
0208 0209 0210 0211 0208 0209 0210 0211 0208 0209 0210 0211 0208 0209 0210 0211 0208 0209 0210 0211 0208 0209 0210 0211 0208 0209 0210 0211 0208 0209 0210 0211 0208 0209 0210 0211 0208 0209 0210 0211 0208 0209 0210 0211 0208 0209 0210 0211 0208 0209 0210 0211 0208 0209 0210 0211 0208 0209 0210 0211 0208 0209 0210 0211
0212 0213 0214 0215 0212 0213 0214 0215 0212 0213 0214 0215 0212 0213 0214 0215 0212 0213 0214 0215 0212 0213 0214 0215 0212 0213 0214 0215 0212 0213 0214 0215 0212 0213 0214 0215 0212 0213 0214 0215 0212 0213 0214 0215 0212 0213 0214 0215 0212 0213 0214 0215 0212 0213 0214 0215 0212 0213 0214 0215 0212 0213 0214 0215
0216 0217 0218 0219 0216 0217 0218 0219 0216 0217 0218 0219 0216 0217 0218 0219 0216 0217 0218 0219 0216 0217 0218 0219 0216 0217 0218 0219 0216 0217 0218 0219 0216 0217 0218 0219 0216 0217 0218 0219 0216 0217 0218 0219 0216 0217 0218 0219 0216 0217 0218 0219 0216 0217 0218 0219 0216 0217 0218 0219 0216 0217 0218 0219
0220 0221 0222 0223 0220 0221 0222 0223 0220 0221 0222 0223 0220 0221 0222 0223 0220 0221 0222 0223 0220 0221 0222 0223 0220 0221 0222 0223 0220 0221 0222 0223 0220 0221 0222 0223 0220 0221 0222 0223 0220 0221 0222 0223 0220 0221 0222 0223 0220 0221 0222 0223 0220 0221 0222 0223 0220 0221 0222 0223 0220 0221 0222 0223
0208 0209 0210 0211 0208 0209 0210 0211 0208 0209 0210 0211 0208 0209 0210 0211 0208 0209 0210 0211 0208 0209 0210 0211 0208 0209 0210 0211 0208 0209 0210 0211 0208 0209 0210 0211 0208 0209 0210 0211 0208 0209 0210 0211 0208 0209 0210 0211 0208 0209 0210 0211 0208 0209 0210 0211 0208 0209 0210 0211 0208 0209 0210 0211
0212 0213 0214 0215 0212 0213 0214 0215 0212 0213 0214 0215 0212 0213 0214 0215 0212 0213 0214 0215 0212 0213 0214 0215 0212 0213 0214 0215 0212 0213 0214 0215 0212 0213 0214 0215 0212 0213 0214 0215 0212 0213 0214 0215 0212 0213 0214 0215 0212 0213 0214 0215 0212 0213 0214 0215 0212 0213 0214 0215 0212 0213 0214 0215
0216 0217 0218 0219 0216 0217 0218 0219 0216 0217 0218 0219 0216 0217 0218 0219 0216 0217 0218 0219 0216 0217 0218 0219 0216 0217 0218 0219 0216 0217 0218 0219 0216 0217 0218 0219 0216 0217 0218 0219 0216 0217 0218 0219 0216 0217 0218 0219 0216 0217 0218 0219 0216 0217 0218 0219 0216 0217 0218 0219 0216 0217 0218 0219
0220 0221 0222 0223 0220 0221 0222 0223 0220 0221 0222 0223 0220 0221 0222 0223 0220 0221 0222 0223 0220 0221 0222 0223 0220 0221 0222 0223 0220 0221 0222 0223 0220 0221 0222 0223 0220 0221 0222 0223 0220 0221 0222 0223 0220 0221 0222 0223 0220 0221 0222 0223 0220 0221 0222 0223 0220 0221 0222 0223 0220 0221 0222 0223
0208 0209 0210 0211 0208 0209 0210 0211 0208 0209 0210 0211 0208 0209 0210 0211 0208 0209 0210 0211 0208 0209 0210 0211 0208 0209 0210 0211 0208 0209 0210 0211 0208 0209 0210 0211 0208 0209 0210 0211 0208 0209 0210 0211 0208 0209 0210 0211 0208 0209 0210 0211 0208 0209 0210 0211 0208 0209 0210 0211 0208 0209 0210 0211
0212 0213 0214 0215 0212 0213 0214 0215 0212 0213 0214 0215 0212 0213 0214 0215 0212 0213 0214 0215 0212 0213 0214 0215 0212 0213 0214 0215 0212 0213 0214 0215 0212 0213 0214 0215 0212 0213 0214 0215 0212 0213 0214 0215 0212 0213 0214 0215 0212 0213 0214 0215 0212 0213 0214 0215 0212 0213 0214 0215 0212 0213 0214 0215
0216 0217 0218 0219 0216 0217 0218 0219 0216 0217 0218 0219 0216 0217 0218 0219 0216 0217 0218 0219 0216 0217 0218 0219 0216 0217 0218 0219 0216 0217 0218 0219 0216 0217 0218 0219 0216 0217 0218 0219 0216 0217 0218 0219 0216 0217 0218 0219 0216 0217 0218 0219 0216 0217 0218 0219 0216 0217 0218 0219 0216 0217 0218 0219
0220 0221 0222 0223 0220 0221 0222 0223 0220 0221 0222 0223 0220 0221 0222 0223 0220 0221 0222 0223 0220 0221 0222 0223 0220 0221 0222 0223 0220 0221 0222 0223 0220 0221 0222 0223 0220 0221 0222 0223 0220 0221 0222 0223 0220 0221 0222 0223 0220 0221 0222 0223 0220 0221 0222 0223 0220 0221 0222 0223 0220 0221 0222 0223
0208 0209 0210 0211 0208 0209 0210 0211 0208 0209 0210 0211 0208 0209 0210 0211 0208 0209 0210 0211 0208 0209 0210 0211 0208 0209 0210 0211 0208 0209 0210 0211 0208 0209 0210 0211 0208 0209 0210 0211 0208 0209 0210 0211 0208 0209 0210 0211 0208 0209 0210 0211 0208 0209 0210 0211 0208 0209 0210 0211 0208 0209 0210 0211
0212 0213 0214 0215 0212 0213 0214 0215 0212 0213 0214 0215 0212 0213 0214 0215 0212 0213 0214 0215 0212 0213 0214 0215 0212 0213 0214 0215 0212 0213 0214 0215 0212 0213 0214 0215 0212 0213 0214 0215 0212 0213 0214 0215 0212 0213 0214 0215 0212 0213 0214 0215 0212 0213 0214 0215 0212 0213 0214 0215 0212 0213 0214 0215
0216 0217 0218 0219 0216 0217 0218 0219 0216 0217 0218 0219 0216 0217 0218 0219 0216 0217 0218 0219 0216 0217 0218 0219 0216 0217 0218 0219 0216 0217 0218 0219 0216 0217 0218 0219 0216 0217 0218 0219 0216 0217 0218 0219 0216 0217 0218 0219 0216 0217 0218 0219 0216 0217 0218 0219 0216 0217 0218 0219 0216 0217 0218 0219
0216 0217 0218 0219 0216 0217 0218 0219 0216 0217 0218 0219 0216 0217 0218 0219 0216 0217 0218 0219 0216 0217 0218 0219 0216 0217 0218 0219 0216 0217 0218 0219 0216 0217 0218 0219 0216 0217 0218 0219 0216 0217 0218 0219 0216 0217 0218 0219 0216 0217 0218 0219 0216 0217 0218 0219 0216 0217 0218 0219 0216 0217 0218 0219
